RSS-1
1 64531U 25135D   25248.26927092  .00014832  00000-0  73069-3 0  9999
2 64531  97.4518   1.5843 0006233  86.2504 273.9443 15.18040128 11571
LAPAN-TUBSAT            
1 29709U 07001A   25246.28547073  .00001426  00000+0  17181-3 0  9993
2 29709  98.1175 234.4203 0013269  44.7863 315.4420 14.85446281  8551
LAPAN-A2                
1 40931U 15052B   25246.59383102  .00001817  00000-0  15548-3 0  9993
2 40931   6.0004  61.3972 0013940 258.1905 352.2406 14.78858430537166
LAPAN-A3                
1 41603U 16040E   25246.30130356  .00007346  00000+0  25178-3 0  9990
2 41603  97.1411 247.5888 0009650 332.8695  27.2041 15.30427369510896
